initgraph 1024 768
setbkcolor 16579836
setcolor 11010216
circle 512 384 300
line 512 684 517 684
line 517 684 522 684
line 522 684 528 683
line 528 683 533 683
line 533 683 538 683
line 538 683 543 682
line 543 682 548 681
line 548 681 554 680
line 554 680 559 679
line 559 679 564 678
line 564 678 569 677
line 569 677 574 676
line 574 676 579 674
line 579 674 584 673
line 584 673 589 671
line 589 671 594 670
line 594 670 599 668
line 599 668 604 666
line 604 666 608 664
line 608 664 613 662
line 613 662 618 659
line 618 659 622 657
line 622 657 627 655
line 627 655 631 652
line 631 652 636 649
line 636 649 640 647
line 640 647 644 644
line 644 644 649 641
line 649 641 653 638
line 653 638 657 635
line 657 635 661 632
line 661 632 665 629
line 665 629 669 625
line 669 625 672 622
line 672 622 676 618
line 676 618 680 615
line 680 615 683 611
line 683 611 687 608
line 687 608 690 604
line 690 604 693 600
line 693 600 696 596
line 696 596 699 592
line 699 592 702 588
line 702 588 705 584
line 705 584 708 580
line 708 580 711 576
line 711 576 713 572
line 713 572 716 567
line 716 567 718 563
line 718 563 720 559
line 720 559 722 554
line 722 554 724 550
line 724 550 726 546
line 726 546 728 541
line 728 541 730 537
line 730 537 732 532
line 732 532 733 528
line 733 528 735 523
line 735 523 736 518
line 736 518 737 514
line 737 514 738 509
line 738 509 739 505
line 739 505 740 500
line 740 500 741 496
line 741 496 741 491
line 741 491 742 486
line 742 486 742 482
line 742 482 743 477
line 743 477 743 473
line 743 473 743 468
line 743 468 743 464
line 743 464 743 459
line 743 459 743 455
line 743 455 742 450
line 742 450 742 446
line 742 446 741 441
line 741 441 741 437
line 741 437 740 432
line 740 432 739 428
line 739 428 738 424
line 738 424 737 420
line 737 420 736 416
line 736 416 735 411
line 735 411 734 407
line 734 407 732 403
line 732 403 731 399
line 731 399 729 395
line 729 395 728 392
line 728 392 726 388
line 726 388 724 384
line 724 384 722 380
line 722 380 720 377
line 720 377 718 373
line 718 373 716 370
line 716 370 714 366
line 714 366 712 363
line 712 363 709 360
line 709 360 707 357
line 707 357 704 354
line 704 354 702 351
line 702 351 699 348
line 699 348 697 345
line 697 345 694 342
line 694 342 691 339
line 691 339 688 337
line 688 337 686 334
line 686 334 683 332
line 683 332 680 330
line 680 330 677 327
line 677 327 674 325
line 674 325 671 323
line 671 323 668 321
line 668 321 664 319
line 664 319 661 318
line 661 318 658 316
line 658 316 655 314
line 655 314 652 313
line 652 313 648 311
line 648 311 645 310
line 645 310 642 309
line 642 309 639 308
line 639 308 635 307
line 635 307 632 306
line 632 306 629 305
line 629 305 625 305
line 625 305 622 304
line 622 304 619 303
line 619 303 616 303
line 616 303 612 303
line 612 303 609 303
line 609 303 606 302
line 606 302 603 302
line 603 302 599 302
line 599 302 596 303
line 596 303 593 303
line 593 303 590 303
line 590 303 587 304
line 587 304 584 304
line 584 304 581 305
line 581 305 578 305
line 578 305 575 306
line 575 306 572 307
line 572 307 569 308
line 569 308 566 309
line 566 309 564 310
line 564 310 561 311
line 561 311 558 313
line 558 313 556 314
line 556 314 553 315
line 553 315 551 317
line 551 317 548 318
line 548 318 546 320
line 546 320 544 322
line 544 322 542 323
line 542 323 539 325
line 539 325 537 327
line 537 327 535 329
line 535 329 533 331
line 533 331 532 333
line 532 333 530 335
line 530 335 528 337
line 528 337 527 339
line 527 339 525 342
line 525 342 524 344
line 524 344 522 346
line 522 346 521 349
line 521 349 520 351
line 520 351 519 353
line 519 353 517 356
line 517 356 517 358
line 517 358 516 361
line 516 361 515 363
line 515 363 514 366
line 514 366 514 368
line 514 368 513 371
line 513 371 513 374
line 513 374 512 376
line 512 376 512 379
line 512 379 512 381
line 512 381 512 384
line 512 384 512 381
line 512 381 512 379
line 512 379 512 376
line 512 376 511 374
line 511 374 511 371
line 511 371 510 368
line 510 368 510 366
line 510 366 509 363
line 509 363 508 361
line 508 361 507 358
line 507 358 507 356
line 507 356 505 353
line 505 353 504 351
line 504 351 503 349
line 503 349 502 346
line 502 346 500 344
line 500 344 499 342
line 499 342 497 339
line 497 339 496 337
line 496 337 494 335
line 494 335 492 333
line 492 333 491 331
line 491 331 489 329
line 489 329 487 327
line 487 327 485 325
line 485 325 482 323
line 482 323 480 322
line 480 322 478 320
line 478 320 476 318
line 476 318 473 317
line 473 317 471 315
line 471 315 468 314
line 468 314 466 313
line 466 313 463 311
line 463 311 460 310
line 460 310 458 309
line 458 309 455 308
line 455 308 452 307
line 452 307 449 306
line 449 306 446 305
line 446 305 443 305
line 443 305 440 304
line 440 304 437 304
line 437 304 434 303
line 434 303 431 303
line 431 303 428 303
line 428 303 425 302
line 425 302 421 302
line 421 302 418 302
line 418 302 415 303
line 415 303 412 303
line 412 303 408 303
line 408 303 405 303
line 405 303 402 304
line 402 304 399 305
line 399 305 395 305
line 395 305 392 306
line 392 306 389 307
line 389 307 385 308
line 385 308 382 309
line 382 309 379 310
line 379 310 376 311
line 376 311 372 313
line 372 313 369 314
line 369 314 366 316
line 366 316 363 318
line 363 318 360 319
line 360 319 356 321
line 356 321 353 323
line 353 323 350 325
line 350 325 347 327
line 347 327 344 330
line 344 330 341 332
line 341 332 338 334
line 338 334 336 337
line 336 337 333 339
line 333 339 330 342
line 330 342 327 345
line 327 345 325 348
line 325 348 322 351
line 322 351 320 354
line 320 354 317 357
line 317 357 315 360
line 315 360 312 363
line 312 363 310 366
line 310 366 308 370
line 308 370 306 373
line 306 373 304 377
line 304 377 302 380
line 302 380 300 384
line 300 384 298 388
line 298 388 296 392
line 296 392 295 395
line 295 395 293 399
line 293 399 292 403
line 292 403 290 407
line 290 407 289 411
line 289 411 288 416
line 288 416 287 420
line 287 420 286 424
line 286 424 285 428
line 285 428 284 432
line 284 432 283 437
line 283 437 283 441
line 283 441 282 446
line 282 446 282 450
line 282 450 281 455
line 281 455 281 459
line 281 459 281 464
line 281 464 281 468
line 281 468 281 473
line 281 473 281 477
line 281 477 282 482
line 282 482 282 486
line 282 486 283 491
line 283 491 283 496
line 283 496 284 500
line 284 500 285 505
line 285 505 286 509
line 286 509 287 514
line 287 514 288 518
line 288 518 289 523
line 289 523 291 528
line 291 528 292 532
line 292 532 294 537
line 294 537 296 541
line 296 541 298 546
line 298 546 300 550
line 300 550 302 554
line 302 554 304 559
line 304 559 306 563
line 306 563 308 567
line 308 567 311 572
line 311 572 313 576
line 313 576 316 580
line 316 580 319 584
line 319 584 322 588
line 322 588 325 592
line 325 592 328 596
line 328 596 331 600
line 331 600 334 604
line 334 604 337 608
line 337 608 341 611
line 341 611 344 615
line 344 615 348 618
line 348 618 352 622
line 352 622 355 625
line 355 625 359 629
line 359 629 363 632
line 363 632 367 635
line 367 635 371 638
line 371 638 375 641
line 375 641 380 644
line 380 644 384 647
line 384 647 388 649
line 388 649 393 652
line 393 652 397 655
line 397 655 402 657
line 402 657 406 659
line 406 659 411 662
line 411 662 416 664
line 416 664 420 666
line 420 666 425 668
line 425 668 430 670
line 430 670 435 671
line 435 671 440 673
line 440 673 445 674
line 445 674 450 676
line 450 676 455 677
line 455 677 460 678
line 460 678 465 679
line 465 679 470 680
line 470 680 476 681
line 476 681 481 682
line 481 682 486 683
line 486 683 491 683
line 491 683 496 683
line 496 683 502 684
line 502 684 507 684
line 507 684 512 684
fill 512 534 16579836 11010048
setcolor 0
line 15 384 994 384
line 986 392 994 384
line 986 376 994 384
line 512 15 512 738
line 520 730 512 738
line 504 730 512 738
setfont 24 0 ËÎÌå
outtextxy 2 2 tj03org
outtextxy 996 386 X
outtextxy 514 740 Y
saveimg tj03org.png
